14,4
48,52
48,51
48,50
48,49
48,48
48,47
48,46
48,45
48,44
48,43
48,42
48,41
48,40
48,39
48,38
48,37
48,36
48,35
17,2
17,1
17,3
15,2
15,1
15,3
16,2
16,1
16,3
3,2
3,1
3,3
47,8
47,7
47,6
47,5
47,4
47,3
47,2
47,1
47,0
46,5
46,4
46,3
10,2
46,2
10,1
46,1
10,3
46,0
45,35
45,34
45,33
45,32
45,31
11,2
45,30
11,1
45,29
11,3
45,28
45,27
45,26
45,25
45,24
45,23
45,22
9,2
45,21
9,1
45,20
9,3
45,19
45,18
45,17
45,16
45,15
45,14
8,2
45,13
8,1
45,12
8,3
45,11
45,10
45,9
45,8
45,7
45,6
12,2
45,5
12,1
45,4
12,3
45,3
45,2
45,1
45,0
44,4
44,3
44,2
44,1
44,0
43,8
43,7
43,6
43,5
43,4
43,3
43,2
43,1
43,0
42,5
42,4
42,3
42,2
42,1
42,0
41,4
41,3
20,2
41,2
20,1
41,1
20,3
